Number_of_Atoms:         4
 Act_energy(kcal/mol):       0. 
 Initial_Temperature:        200
 Temperature_steps:          40
 Temperature_increment:      50
 Delta_Energy_rea:           0.
 Delta_Energy_pro:           0.
 Maxstep:                    1
 Npointsint:                 5 
 Maxtdev:                    0.5
 Rearrange(1=yes,0=no)       1
 SaddlePoint                 1
 internalcoord(1=yes)     0
 isct_vtst(1=vtst_sct,0=sct) 1
 zerocurvature(1)            0
 reduced_mass                1.0
 minimum_frequency            50
 anim_freq(if_Maxstep=1)       2
 onlyrotors(0=yes,1=no)        0
 proj_rea_coo(0=yes(def),1=no)            1
 numrotors                   1
 pivotA                      2
 pivotB                      2
 atomsintopA                 3
 topAatoms                   1           3           4
Step 1 
geometry 
      1          6           0        0.000000    0.000000    0.000000
      2          6           0        0.000000    0.000000    1.193689
      3          1           0        0.000000    0.000000    2.256494
      4          1           0       -0.000000    0.000000   -1.062805
gradient
      1        6          -0.000000000   -0.000000000   -0.000420200
      2        6          -0.000000000    0.000000000    0.000420200
      3        1           0.000000000    0.000000000    0.000045404
      4        1           0.000000000   -0.000000000   -0.000045404
Hessian 
                1             2             3             4             5 
      1  0.553377E-01
      2  0.000000E+00  0.553377E-01
      3  0.000000E+00  0.000000E+00  0.158736E+01
      4 -0.333680E-01  0.000000E+00  0.000000E+00  0.553377E-01
      5  0.000000E+00 -0.333680E-01  0.000000E+00  0.000000E+00  0.553377E-01
      6  0.000000E+00  0.000000E+00 -0.117513E+01  0.000000E+00  0.000000E+00
      7  0.513610E-02  0.000000E+00  0.000000E+00 -0.271058E-01  0.000000E+00
      8  0.000000E+00  0.513610E-02  0.000000E+00  0.000000E+00 -0.271058E-01
      9  0.000000E+00  0.000000E+00  0.853597E-02  0.000000E+00  0.000000E+00
     10 -0.271058E-01  0.000000E+00  0.000000E+00  0.513610E-02  0.000000E+00
     11  0.000000E+00 -0.271058E-01  0.000000E+00  0.000000E+00  0.513610E-02
     12  0.000000E+00  0.000000E+00 -0.420759E+00  0.000000E+00  0.000000E+00
                6             7             8             9            10 
      6  0.158736E+01
      7  0.000000E+00  0.167904E-01
      8  0.000000E+00  0.000000E+00  0.167904E-01
      9 -0.420759E+00  0.000000E+00  0.000000E+00  0.412989E+00
     10  0.000000E+00  0.517934E-02  0.000000E+00  0.000000E+00  0.167904E-01
     11  0.000000E+00  0.000000E+00  0.517934E-02  0.000000E+00  0.000000E+00
     12  0.853597E-02  0.000000E+00  0.000000E+00 -0.766277E-03  0.000000E+00
               11            12 
     11  0.167904E-01
     12  0.000000E+00  0.412989E+00
