Number_of_Atoms:         4
 Act_energy(kcal/mol):       0. 
 Initial_Temperature:        200
 Temperature_steps:          40
 Temperature_increment:      50
 Delta_Energy_rea:           0.
 Delta_Energy_pro:           0.
 Maxstep:                    1
 Npointsint:                 5 
 Maxtdev:                    0.5
 Rearrange(1=yes,0=no)       1
 SaddlePoint                 1
 ds(1=noexp,0=standard)      0
 isct_vtst(1=vtst_sct,0=sct) 1
 zerocurvature(1)            0
 reduced_mass                1.0
 minimum_frequency            50
 anim_freq(if_Maxstep=1)       2
 onlyrotors(0=yes,1=no)        0
 proj_rea_coo(0=yes(def),1=no) 1
 numrotors                   1
 pivotA                      2
 pivotB                      1
 atomsintopA                 1
 topAatoms                   4
Step 1 
geometry 
      1          8           0        0.000000   -0.000000    0.000000
      2          7           0        0.000000   -0.000000    1.392706
      3          1           0        0.944866    0.000000   -0.252162
      4          8           0        1.085792   -0.000514    1.865018
gradient
      1        8          -0.000014616    0.000018193    0.000066713
      2        7           0.000224194   -0.000016699    0.000024389
      3        1           0.000009243   -0.000012319   -0.000004917
      4        8          -0.000218821    0.000010825   -0.000086185
Hessian 
                1             2             3             4             5 
      1  0.563013E+00
      2 -0.341713E-04  0.318070E-01
      3 -0.371422E-01 -0.407391E-04  0.246645E+00
      4 -0.141149E+00  0.347811E-04  0.517606E-01  0.799502E+00
      5  0.320973E-04 -0.290189E-01 -0.118482E-04 -0.340321E-03  0.265794E-01
      6  0.860424E-01 -0.997091E-05 -0.985901E-01  0.523111E-01 -0.640375E-04
      7 -0.435653E+00 -0.320090E-05  0.926492E-01  0.351752E-02  0.796006E-05
      8 -0.247382E-05 -0.215292E-01  0.143095E-04  0.487841E-05  0.196398E-01
      9  0.558897E-01  0.692127E-05 -0.669307E-01  0.625229E-01 -0.116594E-04
     10  0.137892E-01  0.259115E-05 -0.107268E+00 -0.661871E+00  0.300264E-03
     11  0.454786E-05  0.187410E-01  0.382779E-04  0.300661E-03 -0.172003E-01
     12 -0.104790E+00  0.437888E-04 -0.811244E-01 -0.166595E+00  0.875451E-04
                6             7             8             9            10 
      6  0.318510E+00
      7  0.229929E-01  0.435019E+00
      8 -0.178223E-04  0.000000E+00  0.145829E-01
      9 -0.341420E-01 -0.109158E+00  0.274390E-05  0.880235E-01
     10 -0.161346E+00 -0.288350E-02 -0.187142E-05 -0.925456E-02  0.650966E+00
     11  0.918306E-04 -0.422599E-05 -0.126935E-01  0.199426E-05 -0.300983E-03
     12 -0.185778E+00 -0.648397E-02  0.000000E+00  0.130493E-01  0.277869E+00
               11            12 
     11  0.111528E-01
     12 -0.132103E-03  0.253853E+00
