 3286.67  
 3220.26  
 3210.73  
 3195.44  
 3183.12  
 3138.62  
 3132.57  
 3116.22  
 3050.84  
 1680.00  
 1663.68  
 1544.41  
 1513.24  
 1483.81  
 1482.74  
 1472.95  
 1424.30  
 1352.29  
 1325.80  
 1316.00  
 1237.41  
 1206.10  
 1188.80  
 1180.59  
 1133.87  
 1078.56  
 1069.28  
 1013.24  
 1005.87  
 964.02  
 882.00  
 840.48  
 782.83  
 769.00  
 739.89  
 631.01  
 601.25  
 565.50  
 515.42  
 507.76  
 458.87  
 336.27  
 289.02  
 224.37  
 174.61  
   0.00  
   0.00  
   0.00  
   0.00  
   0.00  
  -0.00  
  -0.00  
  -0.00  
  -0.00  
