 3286.68  
 3220.27  
 3210.73  
 3195.44  
 3183.12  
 3138.62  
 3132.59  
 3116.23  
 3050.84  
 1680.01  
 1663.68  
 1544.43  
 1513.24  
 1483.87  
 1482.77  
 1473.08  
 1424.30  
 1352.30  
 1325.81  
 1316.03  
 1237.47  
 1206.21  
 1188.86  
 1180.65  
 1134.02  
 1078.73  
 1069.30  
 1013.25  
 1005.88  
 964.12  
 882.24  
 840.52  
 783.19  
 769.05  
 739.96  
 631.43  
 601.39  
 566.95  
 515.76  
 507.83  
 459.37  
 359.71  
 319.05  
 254.04  
 223.31  
 168.81  
 118.60  
  94.60  
