Number_of_Atoms:         6
 Act_energy(kcal/mol):       0. 
 Initial_Temperature:        200
 Temperature_steps:          40
 Temperature_increment:      50
 Delta_Energy_rea:           0.
 Delta_Energy_pro:           0.
 Maxstep:                    1
 Npointsint:                 5 
 Maxtdev:                    0.5
 Rearrange(1=yes,0=no)       1
 SaddlePoint                 1
 ds(1=noexp,0=standard)      0
 isct_vtst(1=vtst_sct,0=sct) 1
 zerocurvature(1)            0
 reduced_mass                1.0
 minimum_frequency            50
 anim_freq(if_Maxstep=1)       2
 onlyrotors(0=yes,1=no)        0
 proj_rea_coo(0=yes(def),1=no) 1
 numrotors                   1
 pivotA                      5
 pivotB                      4
 atomsintopA                 1
 topAatoms                   6
Step 1 
geometry 
      1          6           0        0.000000   -0.000000    0.000000
      2          8           0       -0.000000   -0.000000    1.199605
      3          1           0        0.928374   -0.000000   -0.597265
      4          1           0       -0.952281   -0.000042   -0.596940
      5          8           0       -2.627227   -0.004140   -0.910065
      6          1           0       -2.857582   -0.004885    0.033714
gradient
      1        6           0.000011146    0.000001423    0.000007915
      2        8          -0.000001884   -0.000000586   -0.000003303
      3        1          -0.000000494   -0.000000003   -0.000000500
      4        1          -0.000010610   -0.000001262   -0.000009284
      5        8           0.000010109    0.000000099    0.000009344
      6        1          -0.000008267    0.000000329   -0.000004171
Hessian 
                1             2             3             4             5 
      1  0.547090E+00
      2  0.179545E-04  0.168065E+00
      3 -0.275027E-01 -0.321365E-05  0.952346E+00
      4 -0.101632E+00 -0.480755E-05 -0.179287E-02  0.703445E-01
      5 -0.451899E-05 -0.557863E-01 -0.169428E-05  0.191634E-05  0.188204E-01
      6  0.764503E-02  0.123506E-05 -0.773753E+00  0.873791E-03  0.373098E-05
      7 -0.235751E+00  0.000000E+00  0.846320E-01  0.157469E-01  0.000000E+00
      8  0.226092E-05 -0.561917E-01  0.217192E-05  0.000000E+00  0.185078E-01
      9  0.863133E-01  0.000000E+00 -0.976082E-01  0.357270E-01  0.000000E+00
     10 -0.184586E+00  0.516755E-05 -0.255906E-01  0.148622E-01  0.120224E-05
     11  0.421804E-04 -0.568347E-01  0.762999E-04  0.000000E+00  0.186181E-01
     12 -0.636446E-01  0.873758E-05 -0.788769E-01 -0.336348E-01 -0.148581E-05
     13 -0.207891E-01 -0.183684E-04 -0.287497E-01 -0.207760E-02 -0.307576E-05
     14 -0.501531E-04  0.633378E-03 -0.633308E-04 -0.431722E-05  0.428536E-03
     15 -0.400052E-02 -0.555227E-05 -0.789159E-02 -0.200701E-02 -0.300290E-05
     16 -0.433116E-02  0.000000E+00 -0.996066E-03  0.275624E-02  0.420112E-05
     17 -0.772377E-05  0.113953E-03 -0.102331E-04  0.590457E-05 -0.588592E-03
     18  0.118951E-02  0.000000E+00  0.578337E-02  0.833948E-03  0.190992E-05
                6             7             8             9            10 
      6  0.859949E+00
      7  0.145266E-01  0.238387E+00
      8  0.000000E+00  0.000000E+00  0.189022E-01
      9 -0.419730E-01 -0.110462E+00  0.000000E+00  0.131788E+00
     10 -0.366015E-01 -0.187573E-01 -0.697687E-05 -0.139811E-01  0.164603E+00
     11 -0.387584E-04  0.103004E-05  0.190192E-01 -0.567701E-05 -0.589698E-04
     12 -0.441722E-01  0.123816E-01 -0.313157E-05  0.771365E-02  0.717959E-01
     13  0.114325E-01 -0.930087E-03  0.687918E-05  0.243698E-02  0.250818E-01
     14  0.268611E-04 -0.447404E-05 -0.476777E-03  0.453014E-05  0.651942E-04
     15  0.281604E-02 -0.603786E-03  0.231343E-05  0.804755E-03  0.763721E-02
     16  0.212356E-02  0.130506E-02 -0.203240E-05 -0.336198E-04 -0.120371E-02
     17  0.763336E-05  0.416779E-05  0.239328E-03  0.102494E-05 -0.561733E-05
     18 -0.286754E-02 -0.473904E-03  0.000000E+00 -0.724958E-03 -0.325986E-02
               11            12            13            14            15 
     11  0.196172E-01
     12 -0.389628E-04  0.118355E+00
     13  0.231100E-04  0.758312E-02  0.359444E-01
     14 -0.796055E-03  0.176411E-04  0.100836E-03  0.134999E-02
     15  0.118760E-04 -0.172005E-02 -0.108791E+00 -0.361716E-03  0.480844E+00
     16 -0.814847E-05  0.551879E-02 -0.372293E-01 -0.107085E-03  0.107765E+00
     17  0.376259E-03  0.172015E-04 -0.109381E-03 -0.113907E-02  0.356082E-03
     18 -0.477763E-05 -0.129994E-02  0.116088E+00  0.376014E-03 -0.474853E+00
               16            17            18 
     16  0.387029E-01
     17  0.112649E-03  0.998119E-03
     18 -0.114378E+00 -0.371708E-03  0.473962E+00
